{"valid": true, "army": "air",
"type": "xp-50",
"speed": -0.020292,
"pedals1": 0.000000,
"pedals2": 0.000000,
"stick_elevator": 0.000000,
"stick_ailerons": 0.000000,
"vario": -0.006466,
"altitude_hour": 70.738441,
"altitude_min": 70.738441,
"aviahorizon_roll": -0.011304,
"aviahorizon_pitch": -0.894343,
"bank": 0.011304,
"bank1": 0.011304,
"bank2": 0.011304,
"turn": -0.000004,
"compass": 225.420044,
"compass1": 225.420044,
"clock_hour": 7.033333,
"clock_sec": 20.000000,
"manifold_pressure": 0.958704,
"manifold_pressure1": 0.958708,
"rpm_min": 502.000000,
"rpm1_min": 502.000000,
"rpm_hour": 502.300812,
"rpm1_hour": 502.309265,
"oil_pressure": 41.994110,
"oil_pressure1": 41.994049,
"oil_temperature": 41.994110,
"oil_temperature1": 41.994049,
"oil_temperature2": -273.149994,
"oil_temperature3": -273.149994,
"mixture": 0.833333,
"mixture1": 0.833333,
"carb_temperature": 0.000000,
"carb_temperature1": 0.000000,
"fuel": 265.653503,
"fuel_pressure": 0.000000,
"fuel_pressure1": 0.000000,
"gears": 1.000000,
"gears1": 1.000000,
"flaps": 0.000000,
"trimmer": 0.000000,
"throttle": 0.000000,
"throttle1": 0.000000,
"weapon1": 0.000000,
"prop_pitch": 0.000000,
"prop_pitch1": 0.000000,
"supercharger": 0.000000,
"radiator": 0.000000}