{"valid": true, "army": "tank",
"type": "tankModels/germ_pzkpfw_35t",
"stabilizer": 1.000000,
"gear": 6.000000,
"gear_neutral": 6.000000,
"speed": 0.000000,
"has_speed_warning": 0.000000,
"rpm": 700.000000,
"driving_direction_mode": 0.000000,
"cruise_control": 0.000000,
"lws": -1.000000,
"ircm": -1.000000,
"roll_indicators_is_available": 0.000000,
"first_stage_ammo": -1.000000,
"crew_total": 4.000000,
"crew_current": 4.000000,
"crew_distance": 1.000000,
"gunner_state": 0.000000,
"driver_state": 0.000000}